6, 38, 47, 49, 55, 63, 67, 69, 74, 78, 83
8, 34, 50, 71
36, 45, 51, 52, 61, 62, 63
4, 5, 6, 7, 17, 35, 36, 39, 41, 42, 52, 53, 55, 73, 78, 81, 85, 87
9, 11, 18, 35, 38, 42, 63, 69, 81, 93, 97
8, 21, 25, 39, 40, 43, 59, 80
7, 8, 10, 14, 38, 60, 69, 83, 85, 93
8, 17, 36, 38, 43, 63, 83
8, 38, 45, 57, 62, 73, 85
0, 7, 11, 12, 15, 23, 26, 29, 46, 50, 63, 73, 85, 86, 91, 92
0, 4, 11, 14, 20, 26, 38, 63
13, 72, 95, 96
17, 18, 38, 48, 71, 80, 83, 84
6, 11, 12, 19, 21, 25, 33, 62, 63, 71, 75, 83, 87
0, 3, 11, 13, 14, 18, 21, 60, 61, 68, 74, 80, 81, 89
23, 39, 57, 67, 69, 79, 87
5, 40, 57, 70
3, 7, 17, 32, 43, 47, 52, 61, 85, 93
43, 45, 69, 72, 74, 89, 93, 97
3, 9, 29, 78, 95
17, 38, 40, 47, 74, 93
0, 4, 12, 28, 39, 48, 61, 65, 71, 72, 80, 86, 87, 89, 96
3, 15, 18, 21, 31, 33, 43, 47, 48, 69, 74, 81, 83, 86
3, 17, 33, 36, 43, 45, 48, 52, 61, 63, 73, 74, 78, 83
5, 26, 35, 38, 40, 43, 48, 61, 62, 63, 77, 85
6, 11, 14, 28, 36, 51, 52, 59, 66, 81
5, 8, 20, 21, 33, 40, 57, 63, 66, 85, 89
17, 63, 83, 90
3, 8, 14, 28, 35, 38, 39, 42, 63, 86, 95
5, 31
3, 21, 29, 41, 48, 61, 62, 69, 70, 80
1, 11, 28, 35, 36, 43, 82, 86
7, 14, 28, 31, 86, 91
26, 45, 57, 61, 77, 81
43, 63, 83, 86, 96
21, 31, 50, 62, 63, 69, 80, 87, 88
12, 28, 29, 67, 89, 93
8, 12, 20, 38, 43, 48, 50, 62, 63, 72, 87, 97
3, 11, 23, 29, 40, 47, 73, 92
17, 28, 35, 66, 71, 81, 83
21, 25, 31, 38, 81
13, 35, 36, 50, 62, 66, 67, 85, 95
25, 35, 36, 38, 51, 59, 62, 63, 70, 71, 74, 87, 97
8, 21, 43, 69, 70, 81, 87, 89, 97
13, 23, 29, 42, 51, 57, 70, 72, 83, 85, 89, 95
23, 28, 36, 46, 69
5, 36, 44, 51, 63, 68, 74, 77, 81, 83, 87
3, 36, 38, 49, 66, 67, 69, 71, 78, 81, 85, 87, 95
21, 38, 40, 48, 57, 74, 84
8, 9, 28, 36, 38, 43, 45, 48, 67, 87, 89, 91
8, 17, 27, 40, 48, 74, 82, 86, 93
7, 13, 21, 34, 35, 38, 47, 49, 52, 63, 66, 68, 71, 80, 89
12, 25, 39, 51, 72, 83, 85, 93
3, 8, 10, 28, 38, 62, 81
3, 8, 12, 17, 35, 36, 38, 41, 61, 63, 69, 73, 76, 85, 97
51, 57, 63, 85, 86, 87
0, 14, 35, 38, 40, 42, 48, 61, 69, 74, 89, 90, 93
9, 17, 28, 36, 48, 60, 63, 78
3, 11, 24, 28, 39, 61, 63, 72, 80, 92, 95
3, 8, 9, 11, 17, 47, 49, 71, 72, 74, 80, 85, 87, 89, 91, 95
3, 9, 12, 34, 38, 42, 47, 48, 55, 66, 78, 80, 88
5, 7, 11, 40, 67, 81, 95
12, 28, 33, 38, 48, 68, 69, 83, 85, 87, 89
0, 8, 72, 76
13, 17, 40, 69, 85
4, 11, 28, 29, 36, 38, 78
11, 14, 23, 27, 38, 48, 81, 85, 93, 95
13, 25, 33, 38, 40, 46, 47, 55, 80, 81, 92
7, 8, 9, 13, 17, 26, 39, 63, 75, 78, 79, 98
10, 13, 34, 35, 38, 60, 86, 87
9, 11, 14, 17, 27, 29, 36, 42, 48, 57, 68, 71, 83, 92
0, 11, 17, 36, 38, 43, 48, 63, 76, 81
7, 16, 27, 28, 39, 63, 69, 93
9, 14, 22, 25, 27, 28, 29, 36, 38, 53, 80, 84, 89
35, 52, 85, 87, 97
31, 38, 47, 48, 51, 72, 89, 91, 93, 99
39, 42, 57, 81, 83, 85, 87, 89, 93, 99
3, 11, 12, 17, 23, 38, 91
3, 5, 23, 36, 38, 40, 41, 43, 61, 68, 71, 80, 87, 95
14, 18, 25, 36, 38, 39, 46, 68, 71, 72, 74, 76, 78, 87, 90
7, 9, 20, 23, 25, 27, 36, 52, 69, 72, 81, 90, 95
18, 22, 33, 38, 43, 48, 63, 87
8, 12, 14, 36, 38, 40, 43, 48, 50, 63, 66, 68, 69, 74, 85, 94
19, 23, 35, 36, 38, 39, 48, 67, 69, 81, 83, 91
0, 11, 25, 38, 50, 51, 55, 71, 96, 97
13, 36, 42, 47, 53, 62, 63, 69
4, 10, 14, 25, 36, 38, 40, 43, 51, 61, 62, 63
28, 33, 39, 69, 81, 87, 93
4, 26, 28, 29, 34, 38, 48, 51, 69, 73, 86, 87, 93
12, 23, 51, 62, 74, 86, 96
3, 8, 9, 11, 17, 20, 21, 23, 35, 36, 38, 43, 46, 48, 61, 63, 80, 90, 98
8, 13, 17, 28, 33, 34, 39, 40, 49, 85, 87
6, 12, 19, 25, 33, 38, 45, 62, 63, 72, 73, 75, 87
7, 8, 23, 35, 39, 61, 66, 69, 72, 85, 86, 87, 95
4, 12, 38, 57, 61, 78, 80, 83
0, 5, 7, 11, 29, 35, 47, 48, 69, 80, 86, 90
5, 14, 29, 36, 38, 47, 52, 78, 80, 87
5, 11, 17, 25, 26, 33, 43, 51, 52, 63, 69, 72, 81, 87
8, 26, 38, 59, 68, 69, 72
3, 5, 28, 35, 36, 38, 43, 63, 81, 85, 87, 99
14, 23, 28, 36, 39, 49, 69, 83, 87, 95
6, 7, 34, 40, 48, 69, 89, 94
8, 13, 24, 28, 35, 40, 43, 69, 72, 78, 86, 88, 93
8, 11, 13, 19, 21, 28, 35, 45, 51, 61, 66, 72, 73, 90
9, 11, 12, 38, 61, 69, 87
8, 17, 36, 63, 67, 83, 85, 89
3, 38, 81, 87, 93
0, 62, 72, 73
5, 61, 63, 68, 84, 97
14, 25, 38, 42, 43, 47, 49, 51, 52, 55, 63, 73, 82, 87, 95
8, 14, 17, 29, 31, 35, 36, 38, 39, 41, 47, 49, 59, 73, 76, 81, 83, 85, 93, 96
14, 17, 19, 28, 35, 40, 43, 48, 62, 63, 86, 87
12, 25, 53, 68, 80, 86, 98
0, 3, 6, 8, 9, 17, 28, 35, 38, 39, 47, 63, 74, 75, 80, 93
17, 28, 36, 39, 70, 72, 95, 97
26, 48, 61, 63, 69, 73
3, 8, 23, 38, 61, 62, 63, 87, 93
17, 25, 35, 43, 48, 52, 70, 71, 77, 80, 87, 97
9, 16, 26, 38, 39, 62, 78, 90
3, 7, 10, 12, 13, 14, 24, 27, 28, 36, 39, 40, 47, 68, 69, 83, 85, 97
8, 16, 19, 28, 33, 54, 63, 71, 73, 95
7, 8, 9, 17, 21, 28, 39, 40, 46, 63, 66, 67, 69, 72, 85, 87
9, 11, 31, 36, 83, 85
4, 8, 9, 60, 63, 66, 67, 81, 85, 87
7, 8, 39, 43, 48, 63, 67, 69, 85, 87
17, 23, 26, 28, 33, 34, 48, 52
3, 42, 43, 69, 85, 87, 95
12, 19, 26, 28, 36, 47, 48, 52, 71, 88
7, 29, 38, 42, 49, 52, 62, 63, 80, 83, 87, 92
8, 23, 29, 36, 39, 48, 68, 72, 73, 85, 86
3, 12, 20, 21, 23, 49, 67, 93, 94
3, 19, 41, 43, 72, 87, 90
8, 23, 28, 36, 42, 45, 48, 63, 97
9, 17, 19, 36, 46, 63, 71, 73, 74
3, 33, 35, 36, 60, 61, 86, 87, 89
7, 9, 10, 15, 18, 25, 41, 51, 57, 87
11, 26, 36, 38, 48, 51, 65
3, 6, 7, 19, 35, 38, 57, 67, 83, 95
5, 21, 23, 28, 33, 36, 38, 68, 81
3, 11, 13, 28, 40, 59, 61, 72, 93
12, 28, 31, 40, 51, 60, 63, 70, 71, 72, 87
8, 10, 22, 28, 29, 34, 47, 51
3, 13, 21, 40, 43, 49, 50, 51, 60, 71, 73, 80, 89, 90, 92, 93
7, 8, 11, 38, 39, 85, 93
9, 27, 41, 48, 51, 63, 69, 71, 81, 83, 87, 95
5, 14, 15, 18, 21, 23, 33, 36, 43, 50, 60, 66, 69, 83, 97
6, 8, 29, 34, 47, 48, 67, 69, 81, 84, 87
10, 35, 86, 87
8, 14, 16, 19, 26, 29, 49, 67, 69, 73, 95
7, 28, 48, 74, 78
23, 27, 28, 41, 47, 60, 63, 81, 83, 85, 89
8, 10, 13, 14, 21, 23, 40, 68, 72, 97
23, 35, 36, 40, 43, 46, 69, 71, 78, 85
3, 7, 17, 45, 48, 69, 83, 94
14, 17, 34, 42, 43, 63, 69, 72, 79, 85
3, 9, 17, 19, 22, 33, 35, 36, 43, 45, 47, 69, 71, 78, 89, 93, 97
13, 19, 29, 41, 51, 62, 63, 67, 71
27, 40, 42, 62, 72, 78, 81, 83, 88
9, 28, 42, 43, 48, 57, 63, 69, 87, 93
0, 3, 4, 5, 8, 17, 28, 36, 38, 39, 41, 46, 49, 53, 71, 72, 78, 86, 97
8, 11, 22, 23, 26, 29, 41, 48, 69, 70, 78, 80
3, 21, 26, 52, 60, 63, 68, 74, 87, 94
3, 60, 67, 69, 73, 80, 86
5, 7, 17, 23, 41, 52, 55, 59, 70, 83, 91
8, 34, 50, 71
3, 7, 11, 22, 25, 31, 35, 36, 38, 52, 59, 83, 87, 89
13, 21, 34, 35, 40, 43, 47, 48, 51, 63, 69, 71, 87, 89, 97
5, 14, 15, 17, 29, 36, 40, 63, 69, 72, 75, 86
11, 15, 26, 36, 46, 69
17, 35, 61, 63, 65, 67, 74, 85, 86, 89
9, 12, 21, 36, 38, 47, 63, 67, 69, 85, 87, 90
23, 47, 52, 66, 71, 87
17, 38, 48, 60, 70, 71, 85, 93
3, 8, 9, 13, 24, 28, 29, 34, 38, 50, 62, 63, 81, 87, 93
14, 16, 24, 28, 31, 43, 46, 48, 63, 67, 69, 78, 81, 83, 95
6, 14, 29, 33, 36, 47, 50, 57, 63, 74, 77, 83, 87, 93
7, 8, 25, 36, 38, 61, 68
29, 61, 63, 69, 71
6, 17, 28, 51, 63, 74
15, 25, 28, 36, 39, 49, 51, 61, 80, 81, 92, 95
3, 63, 86
14, 38, 42, 52, 60, 62, 63, 67, 78, 85
8, 38, 61, 68, 85, 89
6, 8, 11, 12, 36, 38, 39, 40, 76, 78, 83, 95
4, 7, 35, 36, 38, 40, 55, 80, 89, 97
13, 43, 61, 72, 81, 86
13, 15, 40, 60, 72, 87
11, 17, 48, 62, 69, 73
7, 8, 29, 53, 60, 67, 68, 80, 87
3, 11, 21, 24, 62, 80, 85
6, 7, 8, 9, 17, 23, 26, 34, 38, 40, 42, 47, 61, 78, 81, 87
24, 25, 28, 36, 38, 61, 66, 69, 71, 72, 73, 80, 81, 94
3, 25, 33, 34, 36, 40, 43, 47, 52
8, 11, 28, 36, 38, 39, 63, 67, 71, 72, 83
7, 8, 21, 25, 35, 38, 63, 72, 78, 90, 99
0, 5, 12, 17, 25, 51, 52, 87, 89, 94, 95
18, 36, 40, 53, 68, 83, 85, 89
3, 38, 39, 45, 49, 71, 89, 90, 94
0, 14, 17, 21, 23, 28, 34, 38, 39, 47, 49, 51, 52, 87, 93, 99
8, 10, 12, 25, 38, 42, 43, 45, 63, 66, 73, 87
0, 6, 17, 26, 36, 38, 62, 69, 81, 97
3, 9, 26, 28, 29, 38, 39, 45, 68, 76, 78, 87
8, 9, 42, 61
6, 24, 44, 47, 48, 51, 57, 63, 66, 67, 86
61, 69, 85, 93
8, 26, 42, 43, 51, 54, 62, 72, 76, 81, 85
11, 29, 33, 36, 38, 39, 72, 73, 86, 87
14, 33, 34, 47, 55, 63, 73, 80, 87
9, 17, 21, 23, 34, 47, 48, 61, 87, 93
0, 14, 35, 42, 47, 63, 67, 80, 81, 83, 84
7, 33, 38, 66, 69, 73, 80, 81, 86, 87, 95
24, 25, 28, 35, 38, 40, 52, 71, 73, 83
3, 14, 17, 36, 38, 40, 45, 48, 51, 62, 63, 69, 72, 81, 86, 87, 91
4, 38, 39, 51, 60, 63, 69
7, 17, 28, 32, 38, 43, 52, 61
3, 14, 18, 22, 31, 50, 60, 67, 72, 80
5, 35, 36, 38, 54, 61, 63, 77
26, 36, 46, 63, 86, 95
17, 29, 35, 36, 48, 62, 81
3, 7, 36, 61
17, 38, 45, 63, 67, 85, 93, 95, 96, 97
8, 34, 50, 69, 71, 99
9, 23, 40, 47, 63, 80, 83, 87
14, 20, 23, 26, 29, 34, 35, 36, 38, 41, 43, 55, 62, 69, 71, 73, 87, 97
14, 43, 63, 67, 73, 83, 90, 98
3, 8, 9, 14, 28, 29, 36, 40, 42, 55, 73, 74, 81, 87
38, 41, 43, 69, 81, 85, 89
7, 17, 38, 40, 42, 49, 63, 83, 86, 97
3, 5, 14, 35, 38, 43, 51, 53, 63, 87, 93
9, 18, 55, 71, 86, 87, 93
17, 47, 85, 87, 93
3, 6, 8, 11, 15, 23, 29, 34, 36, 39, 46, 52, 59, 72, 78, 87, 88
0, 7, 17, 23, 28, 34, 36, 38, 47, 55, 73, 78, 80, 87
6, 8, 9, 10, 21, 28, 33, 36, 38, 40, 42, 43, 55, 62, 71, 78, 87, 94
3, 7, 8, 24, 27, 38, 43, 83, 85
10, 14, 26, 29, 39, 45, 48, 51, 69
10, 29, 38, 43, 69, 85, 93, 95, 97
11, 42, 47, 50, 52, 75, 83, 89
26, 38, 40, 51, 52, 60, 89, 97
11, 12, 17, 33, 34, 38, 47, 51, 86, 93
21, 35, 38, 63, 67, 71, 72, 87, 88
7, 11, 36, 60, 66, 76, 81, 83, 92
4, 8, 11, 14, 26, 28, 38, 40, 47, 63, 71, 78, 93
9, 24, 35, 38, 69, 71, 80, 86, 88, 99
11, 29, 34, 48, 53, 57, 61, 67, 69, 85
3, 6, 14, 21, 28, 33, 62, 69, 71, 80, 83, 85, 86
34, 38, 47, 52, 67, 69, 78, 96
9, 14, 21, 23, 24, 28, 36, 38, 48, 51, 87, 90, 93, 98
8, 25, 32, 47, 70
7, 11, 26, 39, 40, 42, 66, 73, 74, 76, 86, 87, 93
28, 36, 38, 40, 47, 51, 63, 70, 78
15, 35, 41, 43, 61, 68, 69, 92
3, 15, 31, 34, 35, 36, 39, 52, 63, 70, 74, 83, 85, 94, 96
3, 12, 61, 62, 63
28, 35, 36, 38, 45, 63
8, 17, 36, 39, 49, 68, 70, 85, 87
36, 87
6, 23, 25, 28, 36, 47, 50, 51, 61, 63, 69, 76, 80, 83, 89, 90
5, 8, 19, 25, 26, 38, 39, 48, 61, 63, 67, 91
0, 11, 14, 18, 24, 34, 38, 46, 61, 81, 86, 87
9, 10, 18, 25, 41, 57, 87
9, 28, 31, 33, 35, 38, 48, 49, 62, 69, 71, 80, 81, 83, 87
0, 3, 19, 29, 36, 46, 48, 51, 66, 71, 73, 87
6, 8, 21, 29, 38, 42, 67, 69, 73, 81, 83, 87, 93
14, 28, 36, 38, 61, 63, 69, 80, 87
11, 21, 31, 38, 63, 85
17, 19, 23, 33, 36, 38, 39, 40, 61, 80, 96, 97
0, 12, 14, 29, 38, 61, 63
8, 18, 26, 33, 39, 40, 44, 66, 67, 78, 80, 81, 87, 93
11, 38, 50, 74, 90, 98
5, 22, 28, 39, 48, 66, 83
0, 9, 12, 28, 47, 71, 83, 86, 87
3, 17, 49, 53, 87
3, 48, 67, 69, 86, 87, 89
8, 18, 31, 33, 35, 36, 38, 43, 63, 70, 72, 78, 80, 83
9, 24, 28, 38, 62, 66, 87
18, 24, 29, 47, 62, 69, 78, 80, 85, 89
28, 63, 75, 85
0, 18, 35, 47, 51, 69, 70, 74, 75, 80, 81, 87, 92
13, 24, 25, 29, 38, 39, 61, 62, 72, 73, 87, 93
20, 62, 83, 86, 87, 88
4, 31, 35, 40, 47, 48, 67, 69, 78, 80, 85, 86, 97
5, 33, 38, 45, 48, 67, 78, 85
0, 15, 17, 28, 29, 36, 47, 63, 68, 74, 78
3, 11, 14, 17, 28, 40, 61, 74
4, 9, 12, 14, 23, 24, 41, 51, 55, 67, 79, 85, 87
11, 35, 36, 38, 47, 48, 69, 80, 83, 93
28, 36, 38, 40, 53, 63, 69, 95
0, 8, 23, 24, 38, 41, 42, 47, 52, 55, 63, 73, 74, 81, 83, 87
21, 38, 67, 69, 78, 86, 97
8, 10, 23, 39, 86, 87
18, 21, 23, 39, 40, 49, 52, 61, 68, 81, 87, 90
3, 6, 8, 36, 39, 47, 53, 60, 61, 68, 91, 93
10, 17, 23, 34, 38, 40, 43, 48, 61, 67, 80, 86, 87, 93, 95
9, 26, 63, 69, 71
11, 38, 44, 62, 63, 69, 80
11, 13, 18, 28, 43, 47, 48, 86, 91
17, 19, 46, 48, 51, 55, 87
14, 35, 36, 62, 72, 73, 86, 87, 95, 97
3, 7, 13, 35, 47, 50, 57, 63, 67, 72, 86, 87, 92
29, 34, 35, 36, 48, 69, 78, 86, 87, 93
8, 14, 18, 22, 26, 28, 35, 40, 42, 43, 51, 62, 85
7, 8, 10, 11, 38, 39, 47, 85
3, 12, 14, 21, 36, 47, 48, 52, 55, 62, 66, 80, 85, 87, 95
3, 9, 13, 15, 39, 48, 51, 62, 71, 78, 89, 93
6, 8, 13, 22, 63, 66, 69, 72, 73, 83, 87, 95
11, 17, 34, 36, 38, 39, 67, 71, 80, 86, 87
3, 7, 35, 48, 74, 78, 87, 97
15, 17, 23, 28, 34, 35, 36, 38
6, 35, 48, 63, 73, 85, 87, 89
11, 38, 39, 47, 57, 63, 69, 73, 80, 87, 93
4, 69, 78, 85
5, 7, 11, 36, 45, 47, 57, 60, 63, 67, 69, 77, 85, 89
3, 8, 9, 17, 31, 35, 43, 48, 61, 71, 74, 87
17, 38, 49, 51, 61, 63, 67, 72, 74, 76, 85, 87, 89
11, 42, 48, 52, 69
8, 13, 36, 38, 39, 44, 68, 78, 83, 92, 96
0, 3, 8, 17, 28, 36, 42, 49, 54, 74, 80, 93
3, 14, 27, 36, 38, 46, 51, 62, 63, 72, 85
11, 17, 26, 38, 50, 52, 60, 63, 68, 83, 85
11, 17, 18, 28, 43, 60, 77, 83, 86
8, 17, 28, 36, 38, 51, 61, 66, 81, 83, 86
5, 9, 39, 43, 63, 83
9, 11, 19, 23, 48, 63, 69, 81
8, 17, 38, 47, 49, 69, 81
40, 43, 47, 60, 70, 80, 83, 85, 87
7, 17, 19, 35, 36, 54, 62, 87
0, 47, 57, 90
8, 12, 14, 17, 21, 49, 62, 63, 66, 69, 73, 83, 94
0, 8, 21, 24, 25, 27, 29, 34, 38, 43, 47, 48, 49, 57, 67, 69, 78, 80, 81, 87, 89, 94
21, 28, 40, 55, 67, 73, 86, 94
15, 41, 43, 55, 67
3, 9, 17, 20, 29, 31, 38, 41, 61, 66, 68, 69, 74, 85, 86, 87
9, 21, 29, 40, 51, 53, 67, 69, 93
6, 11, 24, 28, 29, 38, 40, 51, 68, 73
9, 41, 62, 80, 81
12, 36, 39, 43, 48, 63, 66, 70, 87
3, 8, 9, 17, 45, 48, 51, 61, 69, 72, 79, 88
3, 7, 11, 24, 36, 38, 43, 48, 69, 86, 87, 89
9, 16, 34, 36, 48, 52, 69, 86
15, 17, 18, 21, 23, 33, 36, 42, 50, 60, 66, 87
8, 10, 16, 33, 35, 36, 50, 53, 61, 71, 87, 90
19, 34, 44, 45, 48, 51, 55, 91, 93
15, 18, 21, 23, 33, 50, 60, 63, 66, 67, 71, 72, 80, 88
0, 27, 42, 48, 52, 62, 66, 71
26, 29, 38, 86
13, 29, 51, 57, 70, 83, 85, 89, 95
4, 8, 15, 23, 26, 48, 50, 55, 69, 98
0, 8, 40, 53, 63, 88
10, 29, 38, 72, 73, 90
3, 5, 9, 20, 22, 29, 54, 78, 81, 86, 95
38, 40, 66, 71, 86, 93
23, 36, 40, 48, 66, 78
9, 11, 35, 38, 89
11, 42, 52, 54, 59, 66, 68, 69, 78, 85
29, 38, 39, 45, 47, 51, 87, 94
36, 53, 85
14, 21, 38, 43, 47, 67, 78, 80, 95
3, 8, 25, 26, 29, 40, 52, 60, 63, 78, 80, 87
3, 5, 11, 17, 20, 29, 35, 38, 39, 50, 67, 68, 71, 76, 78, 80, 86, 87
9, 10, 11, 23, 26, 31, 38, 43, 51, 55, 60, 78
0, 6, 10, 11, 26, 29, 38, 40, 42, 50, 78, 80
3, 11, 13, 47, 62, 63, 71, 72, 74, 81, 87
0, 5, 11, 16, 38, 39, 46, 48, 59, 61, 63, 66, 68, 73, 85, 86, 87, 92
7, 14, 25, 26, 28, 38, 49, 69, 85, 93, 97
10, 38, 47, 53, 86
5, 39, 43, 50, 55, 73, 80, 87, 92, 93
5, 8, 9, 35, 36, 38, 43, 63, 68, 87
3, 6, 17, 33, 38, 39, 41, 53, 66, 68, 71, 73
9, 11, 23, 28, 31, 39, 44, 45, 48, 66, 69, 78, 87
11, 28, 38, 52, 63, 67, 73, 87
3, 17, 35, 36, 38, 39, 63, 69, 70, 73, 85, 86, 87
9, 17, 19, 36, 43, 63, 68, 69, 74, 86, 90, 92
5, 7, 28, 31, 38, 41, 47, 51, 53, 63, 68, 83, 87, 97
5, 9, 17, 36, 38, 67, 69, 71, 75, 83
80, 85, 96
5, 17, 22, 38, 39, 41, 52, 66, 74, 83, 86, 87
8, 11, 48, 51, 52, 63, 67, 70, 87
18, 19, 24, 35, 49, 53, 63, 72, 78, 87
3, 7, 8, 38, 47, 60, 63, 69, 78, 85
16, 18, 29, 32, 38, 47
3, 8, 12, 14, 17, 21, 40, 48, 57, 63, 66, 72, 78, 90
8, 19, 38, 52, 62, 67, 86, 90
10, 11, 29, 31, 47, 48, 63, 72, 77, 80, 85, 88
3, 19, 25, 40, 43, 45, 47, 52, 57, 73, 77, 81, 87
5, 9, 12, 17, 33, 38, 39, 40, 43, 48, 63, 83, 87, 89, 90
3, 23, 31, 38, 40, 50, 69, 81, 86
0, 7, 29, 35, 36, 38, 39, 61, 62, 63, 74, 80, 81, 87
5, 8, 20, 28, 31, 38, 39, 48, 57, 62, 69, 85, 87, 95, 99
14, 17, 21, 38, 40, 51, 63, 66, 67, 78, 81, 90
3, 6, 35, 36, 39, 40, 46, 62, 63, 99
0, 6, 17, 34, 50, 61, 74, 85, 86, 89
3, 21, 38, 71, 85, 87, 95
13, 26, 39, 47, 49, 63, 87, 91
0, 3, 7, 11, 17, 26, 28, 39, 43, 51, 53, 60, 69, 70, 85, 92
17, 18, 36, 38, 48, 57, 63, 67, 70, 81, 95
3, 4, 12, 23, 26, 35, 38, 45, 73, 76, 86, 90
11, 14, 34, 36, 38, 61, 63, 73, 87
10, 17, 21, 28, 33, 35, 38, 40, 43, 48, 61, 67, 80, 86, 87
5, 9, 22, 39, 67, 89, 91
0, 3, 4, 14, 23, 31, 32, 38, 39, 41, 48, 73, 88
6, 11, 38, 43, 62, 63, 72, 74, 78, 87
7, 9, 17, 18, 29, 35, 36, 47, 50, 52, 68, 80
8, 11, 40, 47, 57, 72
3, 29, 36, 48, 56, 63, 69, 78, 79, 89
7, 37, 45, 48, 67, 95
6, 8, 17, 39, 43, 48, 67, 74, 87
15, 33, 50, 69, 72, 81, 90, 93
15, 17, 23, 28, 34, 35, 36, 47, 51, 59, 84, 89
3, 7, 9, 24, 28, 29, 36, 38, 47, 48, 51, 62, 72, 76, 87
14, 19, 23, 24, 29, 36, 38, 62, 68, 70, 87, 96
5, 19, 57, 62, 85, 87, 95
7, 48, 53, 61, 62, 66, 69, 70, 72, 83, 87, 89, 93
14, 17, 19, 23, 33, 34, 49, 51, 55, 69, 70, 72, 76, 88
7, 15, 18, 25, 31, 35, 46, 47, 48, 50, 62, 67, 69, 85, 87, 89
14, 19, 25, 36, 40, 41, 42, 48, 80, 86, 87, 89
12, 17, 33, 47, 63, 67, 87
3, 11, 26, 36, 38, 66, 72, 74, 78
13, 29, 36, 47, 48, 51, 61, 63, 81, 83, 87, 91, 92, 97
3, 7, 8, 36, 38, 63, 67, 90
7, 12, 38, 39, 49, 51, 53, 60, 61, 69, 80
8, 29, 36, 53, 69, 71, 85
3, 8, 15, 25, 40, 43, 48, 63, 78, 87
12, 14, 48, 63, 66, 70, 71, 74, 76, 78, 87
4, 60, 63, 67, 87
3, 8, 28, 29, 36, 47, 51, 60, 83, 86, 87, 91, 97
7, 28, 38, 62, 63, 69, 93
3, 80
0, 29, 43, 61, 63, 80, 81, 92
17, 21, 26, 33, 35, 38, 40, 67, 69, 71, 87, 89
40, 54, 60, 69, 87, 94
3, 10, 23, 35, 36, 38, 63, 87, 91
3, 5, 9, 17, 25, 36, 38, 40, 49, 63, 68, 69, 71, 72, 74, 79, 81, 85, 95
0, 9, 10, 26, 33, 38, 39, 42, 61, 62, 63, 69
6, 28, 59
0, 3, 15, 17, 38, 62, 69, 72, 85, 87
23, 33, 35, 38, 63, 72, 75, 78, 87, 92, 96, 99
21, 36, 38, 69, 70, 80, 87
10, 21, 26, 38, 39, 42, 48, 60, 63, 71, 83, 87
4, 10, 17, 21, 25, 35, 40, 52, 61, 63, 74, 85, 99
36, 42, 62, 63, 66, 69, 81, 87
3, 8, 20, 48, 61, 80
29, 33, 38, 39, 69, 80, 85, 95
9, 14, 17, 23, 28, 29, 36, 40, 42, 47, 50, 52, 59, 74, 81, 85, 86
7, 9, 10, 18, 25, 34, 41, 47, 50, 55, 57, 61, 62, 63, 87, 97
8, 11, 16, 36, 38, 70, 73, 81, 86, 87
8, 18, 29, 34, 43, 73
23, 25, 26, 48, 69, 81, 89
10, 14, 60, 62, 68, 71, 74, 85, 86, 87, 93, 98
14, 20, 28, 38, 51, 63, 80, 81
3, 5, 9, 36, 38, 39, 45, 52, 55, 63, 67, 69, 85, 87
4, 14, 36, 40, 43, 47, 49, 78, 85, 87, 93, 97
3, 9, 27, 36, 51, 57, 61, 62, 63, 69, 87, 90
3, 9, 17, 25, 63, 69, 78, 87, 95
39, 43, 48, 55, 81, 87
8, 60
8, 39, 41, 73, 78, 80, 81
6, 23, 34, 38, 49, 52, 61, 63, 69, 81
0, 11, 36, 38, 39, 42, 53, 63, 68, 69, 72, 76, 80, 81, 86
5, 29, 36, 38, 51, 59, 78, 87
3, 13, 15, 28, 38, 46, 51, 62, 63, 73, 78, 87, 90, 93
8, 28, 36, 50, 69, 81, 95
7, 8, 17, 29, 35, 63, 66, 71, 73, 81, 83
45, 53, 63, 69, 85, 95
4, 33, 34, 45, 76
3, 8, 15, 21, 28, 40, 48, 69, 85, 95, 98
3, 8, 11, 17, 36, 45, 46, 48, 69, 88, 89, 93, 94
22, 23, 35, 38, 47, 62, 63, 68
6, 11, 28, 29, 33, 63, 67, 69, 80, 83, 95
8, 9, 13, 14, 17, 19, 34, 36, 38, 51, 69, 81, 84
3, 13, 17, 21, 27, 43, 48, 73, 74, 86, 87, 89, 95, 99
25, 34, 35, 43, 81, 85
4, 52, 60, 63, 69
10, 17, 71, 87, 89
0, 11, 16, 18, 28, 38, 43, 73, 97
11, 40, 51, 62, 63, 68, 76, 83, 85, 87, 93
3, 11, 12, 14, 23, 25, 33, 47, 63, 73, 75, 83, 85
3, 14, 46, 67, 77
9, 11, 25, 30, 35, 36, 52, 63, 72, 73, 78, 81, 89, 93
29, 33, 46, 48, 55, 63, 66, 69
17, 43, 69, 81, 85
0, 8, 18, 23, 28, 33, 36, 42, 45, 48, 51, 62, 63, 66, 69, 71, 75, 80, 87, 93, 97
9, 42
9, 63, 73, 74
8, 13, 17, 21, 24, 29, 40, 47, 51, 67, 69, 83, 87, 97
8, 24, 25, 38, 43, 49, 55, 71, 73, 76, 80, 81, 83, 85, 86, 87
11, 23, 24, 40, 42, 43, 55, 59, 63, 69, 74, 85, 87, 99
8, 12, 34, 81
9, 13, 28, 33, 52, 63, 73, 80
7, 21, 25, 28, 36, 38, 63, 69, 71, 81, 97
2, 9, 11, 13, 17, 19, 25, 38, 57, 61, 73, 83, 85
3, 5, 9, 21, 61, 62, 63, 68, 97
11, 27, 28, 36, 49, 63, 69, 72, 85, 86
6, 8, 36, 39, 41, 52, 68, 73, 83, 85, 87, 90, 92
0, 8, 22, 39, 47, 48, 52, 63, 80
9, 38, 51, 62, 71, 87, 89, 95, 99
8, 17, 26, 28, 29, 38, 62, 63, 72, 80, 83, 87, 93, 94
3, 11, 28, 36, 59, 70, 76, 81
0, 14, 17, 27, 28, 36, 51, 52, 59, 63, 89, 93
18, 23, 51, 57, 61, 63, 69, 72, 75, 87
6, 41, 85, 87, 90
5, 6, 62, 69, 83, 85, 90
35, 40, 63, 69, 75, 87, 95
9, 43, 45, 48, 68
7, 28, 35, 85, 87
5, 54, 55, 60
38, 43, 61, 63, 95
9, 11, 14, 18, 38, 48, 51, 66, 67, 69, 72, 73, 83
4, 9, 14, 25, 28, 36, 38, 48, 62, 63
9, 10, 11, 24, 26, 47, 63, 69
8, 49, 52, 66, 71, 79, 85, 90
8, 23, 26, 27, 60, 73, 74, 87, 93, 98
38, 44, 53, 63, 71, 81, 87, 88
4, 7, 14, 18, 23, 28, 38, 62, 67, 69, 87
14, 17, 23, 36, 51, 72, 76, 83, 84, 89, 93
8, 12, 15, 39, 41, 48, 67, 69, 81, 83
8, 23, 28, 36, 42, 45, 48, 63, 97
7, 38, 39, 80, 95
10, 39, 48, 57, 62, 63, 71, 73, 85
3, 4, 8, 23, 60, 98
3, 11, 12, 14, 15, 36, 40, 43, 48, 57, 63, 67, 69, 83, 86, 97
3, 7, 8, 29, 62, 69, 70, 87, 90, 98
1, 17, 18, 36, 44, 47, 69, 80, 83
10, 14, 17, 39, 43, 51, 63, 76, 89, 93, 95
5, 14, 16, 21, 24, 35, 36, 40, 48, 52, 55, 60, 62, 66, 67, 73, 94
24, 36, 38, 43, 62, 81, 85, 87, 96
7, 8, 10, 17, 19, 21, 25, 47, 63, 66, 67, 71, 87, 89, 94, 95, 97
0, 38, 67, 69
6, 8, 21, 38, 40, 42, 78, 81
11, 14, 18, 25, 29, 35, 38, 63, 70, 71, 74
9, 21, 33, 52, 69, 73, 80, 95
9, 19, 21, 35, 62, 87
18, 36, 42, 43, 49, 70, 71, 78, 92
11, 14, 17, 23, 29, 34, 38, 51, 72
0, 8, 11, 36, 38, 48, 61, 62, 73, 92
8, 16, 48, 49, 61, 62, 66, 69, 71, 73, 81, 85, 90
4, 28, 40, 63, 97
8, 21, 36, 50, 51, 66, 69, 73, 81, 86
5, 9, 12, 22, 23, 28, 38, 44, 48, 61, 81, 86
34, 38, 53, 62, 85
6, 13, 23, 38, 48, 62, 72, 86
11, 24, 34, 38, 40, 61, 67, 71, 85
7, 8, 10, 16, 31, 38, 43, 46, 63, 67, 69, 85
12, 39, 48, 52, 63, 66, 70
17, 22, 40, 50
5, 9, 25, 38, 60, 63, 66, 92, 95
13, 15, 42, 48, 49, 63, 67, 89
9, 39, 47, 63, 66, 68, 76, 78
24, 33, 40, 43, 46, 49, 66, 67, 73, 83, 86, 87
4, 11, 34, 35, 69, 87
17, 18, 21, 28, 38, 40, 47, 51, 52, 61, 63, 74
10, 17, 23, 33, 34, 38, 63, 80, 87, 93
6, 24, 38, 67, 69, 84, 89
9, 10, 17, 18, 25, 36, 41, 42, 47, 55, 57, 87
9, 20, 21, 22, 35, 43, 57, 61, 62, 63, 71, 81, 85, 96
7, 16, 27, 39, 48, 53, 61, 66, 89, 93, 97
13, 18, 36, 48, 50, 74, 78, 93, 97
20, 22, 27, 29, 38, 50, 51, 61, 81, 89, 95
14, 53, 62
21, 24, 26, 33, 38, 49, 55, 61, 63
19, 23, 29, 33, 41, 50, 62, 63, 67, 72
8, 15, 29, 67, 69, 73
3, 17, 28, 36, 47, 52, 63, 69, 74, 78, 81, 87, 93
3, 7, 39, 62, 72, 79, 85
9, 40, 51, 52, 75, 80
11, 14, 17, 38, 39, 43, 72, 87, 89, 97, 99
0, 8, 11, 12, 17, 19, 28, 38, 47, 48, 72, 73, 86, 87
11, 14, 18, 38, 43, 51, 53, 62, 81, 89, 93, 97
6, 28, 29, 63, 87
18, 28, 36, 41, 48, 51, 81, 87, 90, 93, 97
3, 11, 33, 38, 40, 68, 73
10, 23, 35, 48, 63, 69, 71, 78, 93, 99
7, 47, 48, 85
3, 34, 39, 60, 61, 72, 81, 88, 89
11, 23, 36, 43, 61, 62, 63, 75
3, 9, 11, 28, 29, 36, 42, 50, 61, 78, 93
3, 11, 23, 29, 39, 43, 48, 54, 56, 57, 78, 79, 80, 83, 87, 89, 93, 97
13, 27, 38, 40, 52, 74, 78
11, 18, 29, 36, 40, 42, 74, 80
6, 8, 17, 21, 23, 28, 34, 49, 52, 59, 60, 61, 62, 63, 65, 68, 73, 87
0, 21, 28, 33, 36, 47, 51, 63, 73, 85, 95, 97
3, 8, 10, 29, 36, 38, 39, 45, 52, 55, 62, 66, 69, 86, 87
9, 11, 14, 16, 18, 29, 31, 38, 47, 69, 71, 76, 83, 87
4, 8, 11, 45, 60, 63, 74, 89
53, 72
4, 25, 43, 89, 95, 97
8, 24, 53, 60, 72, 80, 98
8, 10, 17, 24, 52, 67, 71, 72, 81, 87, 89, 95, 97
40, 47, 48, 53, 59, 63, 69, 76, 86, 95, 97
33, 63, 70, 80
36, 47, 69, 90
12, 36, 38, 43, 63, 67, 87, 88, 91
8, 14, 17, 29, 49, 55, 83, 92
11, 14, 16, 17, 18, 27, 29, 43, 47, 50, 61, 79, 93
7, 11, 28, 34, 36, 38, 46, 67, 72, 80
17, 36, 38, 55, 71, 81, 87
6, 8, 12, 28, 36, 38, 39, 43, 47, 48, 50, 55, 63, 67, 71, 78, 83, 86, 87, 92
13, 29, 34, 61, 62, 69, 86
3, 11, 12, 14, 21, 36, 38, 48, 51, 53, 61, 63, 66, 80, 81, 94
7, 36, 43, 67, 69, 83, 86, 87, 93
3, 9, 13, 34, 39, 47, 57, 67, 69, 72, 74, 78, 83, 85
28, 38, 51, 53, 61, 66, 67, 85, 86, 87, 95
9, 26, 47, 51, 62, 69
0, 47, 62, 67, 72, 85
7, 10, 22, 50, 69
5, 6, 11, 28, 63, 67, 80, 83
9, 21, 39, 41, 47, 49, 62, 63, 86, 87
36, 39, 61, 63, 69, 80, 83, 86
6, 9, 38, 39, 47, 62, 63, 83
8, 14, 23, 33, 38, 48, 62, 63, 71, 72, 87, 98
14, 28, 31, 36, 43, 50, 61, 63, 80, 83, 87, 88, 91
7, 8, 11, 20, 23, 26, 29, 35, 36, 39, 40, 52, 63, 69, 73
6, 9, 14, 18, 29, 49, 52, 53, 61, 78, 80, 87, 93, 96
39, 72
3, 5, 14, 21, 36, 43, 47, 63, 67, 69, 78, 80, 81, 89
14, 18, 39, 63, 72, 73, 74, 80, 87
8, 39, 40, 55, 66, 87
5, 27, 28, 29, 41, 43, 47, 52, 63, 69, 73, 85, 87, 98
33, 36, 47, 57, 74, 83
3, 13, 15, 51, 62, 78, 93
5, 8, 17, 21, 26, 28, 33, 40, 74, 81, 87
7, 11, 13, 20, 23, 33, 36, 38, 39, 48, 53, 62, 63, 66, 72, 81, 85, 87
38, 68, 74, 93, 97
4, 11, 12, 23, 28, 38, 47, 62, 72
9, 11, 36, 38, 48, 53, 68, 83, 85, 87, 89
14, 43, 51, 62, 74, 87
3, 24, 63, 66, 68, 87
7, 14, 36, 40, 52, 69, 83, 85
9, 23, 24, 41, 51, 73, 80, 87, 89
8, 36, 39, 69, 72, 80, 86, 87, 95
3, 12, 14, 23, 29, 38, 46, 63, 68, 69
27, 29, 38, 40, 53, 55, 87, 93
3, 8, 31, 34, 38, 66, 81
5, 8, 9, 43, 48, 78
3, 8, 38, 48, 61, 67, 69, 80
8, 23, 33, 35, 36, 38, 44, 45, 51, 52, 60, 66, 68
23, 34, 59, 63, 80, 87
6, 8, 11, 14, 21, 28, 48, 61, 63, 69, 78, 95
7, 12, 35, 38, 43, 61, 63, 85, 87
23, 32, 60, 67, 69
11, 17, 67, 69, 73, 80, 86
10, 13, 28, 36, 38, 43, 47, 62, 69, 71, 87, 92, 97
8, 9, 15, 25, 38, 39, 40, 66, 72, 85, 87
9, 11, 23, 34, 38, 43, 49, 60, 63, 69, 71, 76, 87, 88, 89
21, 28, 63, 69, 81
17, 23, 26, 38, 40, 42, 47, 48, 51, 52, 69, 74, 84, 95
9, 17, 28, 38, 41, 47, 69, 74, 85, 87
6, 7, 11, 18, 38, 43, 66
4, 9, 19, 21, 28, 36, 47, 51, 62, 63, 75, 86, 87, 94
3, 11, 14, 17, 18, 21, 38, 42, 61, 69, 73, 87
14, 25, 34, 45, 87, 93, 95, 97
9, 10, 17, 23, 45, 54, 61, 62, 69, 71, 87
7, 11, 38, 39, 42, 45, 51, 59, 60, 62, 63, 73, 85
8, 14, 28, 31, 47, 62, 73, 78, 93, 95
11, 19, 23, 28, 39, 40, 42, 47, 74, 80, 81, 88, 95
14, 17, 28, 36, 38, 63, 87, 93
8, 23, 28, 36, 38, 42, 48, 63, 69, 95, 97
4, 5, 6, 9, 14, 26, 29, 36, 39, 43, 48, 55, 63, 69, 70, 78, 85, 87, 92
12, 36, 38, 47, 48, 52, 66, 73, 78, 85, 86
0, 7, 8, 25, 28, 38, 51, 63, 67, 69, 74, 80, 81, 86, 87, 99
9, 12, 14, 17, 38, 48, 60, 63, 80, 83, 84, 86, 93
3, 7, 11, 12, 17, 23, 34, 38
4, 8, 9, 26, 39, 56, 63, 69, 78, 87
8, 29, 36, 43, 47, 51, 63, 69, 78, 89
9, 35, 62, 68, 71, 73, 80, 87, 91
16, 17, 25, 35, 40, 43, 70, 78, 89
3, 8, 9, 21, 25, 36, 43, 47, 51, 67, 71, 93, 97
12, 17, 21, 28, 34, 39, 47, 52, 63, 69, 72, 80, 81, 83, 87, 93
8, 9, 22, 61, 76, 78, 95, 98
3, 6, 11, 40, 51, 66, 68, 73
0, 28, 30, 38, 47, 52, 66, 67, 69, 71, 81, 86, 87
8, 36, 43, 61, 62, 80, 85, 88
11, 12, 17, 26, 40, 47, 48, 50, 69, 70
18, 24, 28, 39, 48, 69, 85, 89
3, 12, 17, 21, 60, 92
4, 8, 14, 17, 28, 36, 38, 43, 53, 96, 99
6, 25, 36, 47, 51, 71, 80
8, 17, 23, 33, 36, 39, 48, 57, 62, 66, 69, 78, 85, 89, 97
8, 66, 87
3, 17, 26, 38, 47, 62, 70, 85, 86, 90, 96
14, 43, 89
3, 8, 11, 13, 22, 23, 40, 72, 86, 90
5, 9, 29, 34, 43, 59, 63, 69, 72, 80, 81, 87
5, 8, 33, 63, 73, 85, 89
8, 10, 14, 29, 38, 68, 69, 85, 93
4, 17, 70, 85, 87
0, 7, 17, 26, 28, 29, 33, 38, 48, 63, 65, 67, 71, 72, 86, 87, 89, 94, 95
0, 5, 11, 13, 14, 29, 47, 48, 59, 61, 67, 71, 81, 85, 93, 98
6, 8, 17, 25, 39, 76, 78, 83, 95
19, 34, 42, 49, 63, 80, 86, 87
8, 12, 18, 21, 25, 39, 63, 72, 87
7, 22, 86, 93
5, 7, 11, 15, 28, 35, 38, 40, 41, 63, 83
3, 5, 25, 42, 43, 62, 71, 77
3, 7, 18, 28, 36, 51, 61, 63, 72, 85
3, 8, 18, 38, 49, 55, 61, 62, 66, 81, 87
22, 23, 28, 36, 38, 51, 57, 63, 67, 69, 73, 85, 89
8, 10, 11, 31, 35, 36, 47, 48, 52, 63, 67, 70, 81, 86
6, 40, 48, 62, 69, 72, 83, 87, 89, 90
0, 3, 6, 17, 38, 42, 49, 66, 69, 72, 85, 87
12, 41
5, 13, 29, 31, 39, 48, 50, 60, 61, 69, 81, 83, 90
21, 23, 38, 40, 63, 69, 73, 80, 81, 85, 86
27, 38, 48, 49, 62, 70, 80, 87, 90, 95, 97
9, 14, 35, 36, 38, 43, 47, 67, 70, 87, 93
16, 34, 35, 48, 52, 61, 63, 69, 85, 89, 90, 93, 97
7, 11, 14, 19, 39, 41, 42, 44, 57, 69, 87, 88
29, 61, 68, 87
7, 9, 11, 20, 21, 28, 47, 66, 74, 76, 80, 85, 86, 87
3, 8, 18, 49, 63, 87
6, 8, 40, 50, 51, 61, 71, 83, 85, 92
36, 39, 47, 51, 52, 78, 87
3, 28, 42, 83
3, 10, 14, 36, 40, 46, 49, 53, 63, 70, 81, 85, 87
3, 9, 23, 36, 38, 47, 63, 64, 70, 76, 80, 83, 97
14, 28, 38, 40, 47, 67, 69, 71, 75, 78, 83
8, 10, 12, 36, 38, 69, 74, 87
3, 4, 8, 28, 34, 38, 51, 63, 71, 87, 97
8, 21, 23, 24, 30, 38, 43, 47, 63, 68, 87, 89, 95, 99
9, 11, 14, 25, 53, 57, 67, 83, 87, 93, 97
0, 6, 8, 9, 11, 14, 35, 36, 39, 48, 62, 63, 67, 70, 80, 83
5, 28, 35, 38, 41, 69, 70, 73, 86
40, 48, 83, 87
11, 23, 26, 36, 39, 48, 63, 87, 95, 97
3, 12, 23, 57, 63, 76
14, 19, 47, 63, 92
7, 14, 21, 28, 38, 48, 62, 63, 66, 69
0, 8, 9, 11, 28, 35, 47, 57, 60, 63, 70, 71, 78, 79, 87, 92
11, 36, 48, 61, 63, 80
0, 13, 17, 38, 61, 66, 69, 90
8, 13, 17, 18, 20, 36, 62, 63, 89
0, 4, 11, 28, 51, 69, 71, 83, 87, 89, 90, 97
1, 28, 43, 48, 59, 63, 69, 79, 85, 89, 93
3, 8, 14, 21, 22, 38, 40, 48, 61, 93, 98
3, 12, 39, 63, 66, 67, 81, 89
1, 7, 13, 21, 24, 31, 47, 50, 53, 69, 75, 80, 81, 86
3, 7, 29, 62, 69
7, 38, 42, 60, 61, 63, 69, 73, 81, 85
14, 21, 29, 43, 61, 69, 78, 89, 95
0, 3, 11, 15, 23, 31, 33, 38, 62, 87, 89, 93, 97
8, 12, 24, 28, 53, 71, 78
9, 26, 43, 78, 83, 87
9, 26, 38, 46, 63, 69, 70, 95
7, 11, 13, 33, 39, 53, 80, 81
10, 11, 17, 36, 38, 43, 61, 62, 68, 78, 80, 85, 86, 87
5, 14, 17, 60, 63, 69, 72, 73, 87, 96
3, 16, 25, 34, 36, 42, 43, 47, 52, 53, 59, 63, 67, 70, 83, 89, 93
23, 26, 38
51, 61, 78, 90
7, 14, 25, 29, 47, 48, 52, 68, 80, 81, 93
9, 18, 23, 26, 38, 63, 83
1, 3, 8, 14, 24, 28, 29, 33, 34, 35, 38, 39, 41, 63, 69, 85, 86, 90, 93, 95
9, 11, 15, 36, 70, 72, 78, 80, 83, 89
38, 61, 74
38, 63, 66, 78, 80, 86
3, 23, 38, 45, 51, 61, 63, 70, 78, 81
0, 11, 16, 18, 28, 38, 43, 73, 87, 97
8, 28, 29, 36, 38, 48, 49, 52, 69, 73, 87, 90, 97
8, 14, 21, 25, 29, 35, 38, 43, 45, 48, 61, 70, 71, 81, 93
9, 14, 21, 29, 39, 42, 43, 49, 67, 69, 78, 80
5, 9, 23, 26, 43, 45, 48, 68, 73
7, 8, 17, 25, 33, 34, 55, 72, 80, 87
3, 9, 19, 35, 60, 62, 85, 87
4, 16, 17, 31, 48, 83
7, 8, 13, 19, 28, 38, 40, 43, 48, 63, 67, 72, 73, 81, 87, 94, 95
4, 10, 18, 40, 43, 45, 48, 49, 61, 62, 63, 73, 83
34, 69, 71, 76, 81, 89, 95
6, 8, 24, 29, 32, 35, 36, 40, 41, 62, 63, 78, 87
22, 24, 40, 41, 47, 55, 66, 81, 87
7, 8, 38, 47, 48, 52, 53, 63, 68, 72, 80, 81, 86, 87
26, 29, 39, 48, 69, 86
0, 8, 17, 28, 48, 63, 69, 71, 90
24, 34, 38, 45, 54, 70
3, 8, 17, 28, 36, 42, 48, 60, 64, 76, 83, 87, 97
3, 7, 9, 17, 24, 38, 40, 42, 47, 72, 80, 83, 85, 96
6, 11, 17, 23, 28, 40, 61, 95
13, 36, 38, 43, 49, 90
3, 12, 19, 21, 28, 51, 62, 72, 86, 94
35, 38, 39, 40, 60, 63, 78, 87, 93
0, 3, 23, 36, 39, 40, 52, 63, 85
17, 36, 63, 81, 87
7, 17, 39, 53, 60, 68, 81, 85
23, 28, 33, 36, 43, 45, 48, 61, 63, 67, 69, 89, 95, 97
5, 6, 10, 28, 39, 40, 48, 59, 61, 63, 67, 69, 71, 80, 81, 83, 97
9, 29, 38, 39, 42, 48, 51, 57, 61, 87
3, 11, 80, 85, 87, 95
40, 42, 48, 93, 95
10, 19, 38, 63, 66, 72, 74, 88, 95
18, 42, 47, 50, 71
4, 11, 23, 26, 38, 51, 59, 74, 87, 97
8, 13, 23, 28, 40, 55, 59, 61, 74, 86, 89
22, 69, 72, 76
35, 38, 48, 63, 69, 72, 73, 78, 86
9, 17, 39, 43, 51, 67, 70, 73, 85, 87
8, 19, 36, 40, 61, 80, 87, 88
8, 28, 36, 43, 48, 50, 51, 61, 63, 69, 73, 87
4, 7, 31, 36, 61, 67, 69, 70, 71, 75, 88
15, 28, 61, 67, 69, 83, 97, 98
21, 23, 24, 35, 36, 38, 47, 48, 69, 71, 72
0, 3, 8, 12, 16, 28, 36, 38, 47, 65, 71, 75, 85, 87, 89, 93
5, 10, 23, 38, 43, 48, 53, 61, 68, 69, 76, 93
4, 12, 21, 25, 29, 31, 36, 38, 42, 48, 49, 55, 69, 71, 81, 87
8, 9, 13, 14, 23, 24, 26, 28, 29, 40, 43, 57, 80, 83, 86
7, 9, 26, 43, 63, 73, 75, 86, 98
3, 17, 26, 28, 36, 38, 40, 59, 68, 69, 72, 87, 93
3, 28, 36, 47, 48, 49, 62, 63, 81, 86, 87
8, 10, 13, 14, 15, 23, 38, 39, 43, 48, 52, 57, 62, 85, 87
18, 31, 61, 66, 69, 85, 86, 89, 93
11, 15, 23, 26, 29, 34, 36, 46, 47, 48, 49, 59, 95
0, 3, 26, 34, 35, 38, 55, 63, 69
14, 22, 28, 38, 48, 51, 52, 81, 86
36, 48, 52, 69, 70, 83
8, 18, 33, 36, 63, 78, 90, 92, 93, 97
10, 13, 17, 36, 43, 68, 71, 72, 86
12, 13, 14, 21, 26, 50, 60, 63, 72, 87, 88, 93
16, 39, 40, 43, 47, 48, 71, 72, 73, 98
7, 9, 20, 23, 52, 90
3, 8, 40, 61, 62, 64, 80, 83
5, 22, 26, 39, 63, 66, 67, 83, 87, 89, 95
11, 28, 35, 62, 63, 69, 83, 85, 89
9, 26, 33, 36, 38, 42, 52, 61, 63, 67, 69, 72, 78, 86
3, 8, 14, 38, 53, 62, 63, 67, 80, 87, 88, 95
3, 6, 11, 29, 32, 35, 38, 39, 62, 63, 67, 78, 93
33, 69
8, 22, 36, 59, 63, 69, 72, 78, 86, 87, 90
6, 15, 21, 38, 43, 60, 63, 70, 86
4, 10, 17, 35, 38, 40, 48, 73
8, 16, 38, 39, 48, 70, 73, 81, 83, 86
3, 9, 11, 12, 22, 26, 38, 47, 56, 60, 63, 71, 72, 85
7, 17, 28, 38, 55, 61, 63, 68, 72, 78, 97
7, 9, 14, 17, 19, 31, 42, 43, 51, 63, 71, 74, 76, 78, 86, 87, 89
38, 39, 51, 53, 63, 69, 71, 98
9, 14, 28, 36, 43, 57, 69, 80, 83, 87, 88, 89
3, 9, 40, 51, 52, 75, 80
43, 51, 83, 85, 95
0, 4, 6, 7, 8, 11, 12, 35, 45, 51, 60, 63, 73, 74, 87, 89
3, 7, 17, 28, 51, 93
8, 12, 25, 28, 29, 38, 50, 86, 87, 92
14, 17, 23, 34, 52, 95
3, 7, 11, 14, 26, 28, 61, 70, 72, 85, 89, 99
14, 21, 43, 73, 80, 86, 87, 94, 95
8, 14, 33, 38, 39, 48, 51, 69, 80, 81, 86, 87, 93
3, 14, 50, 61, 73, 79, 84, 96
3, 11, 26, 28, 29, 36, 38, 39, 45, 48, 51, 52, 55, 69, 72, 86, 87
6, 48, 51, 62, 69, 70, 72, 81, 94
14, 17, 23, 36, 38, 63, 67, 69, 80, 96
29, 38, 62, 67, 69, 87
6, 9, 12, 21, 34, 66, 70, 76, 81, 87
13, 19, 35, 36, 42, 63, 69, 86, 87
43, 47, 63, 69, 74, 99
13, 16, 45, 46, 52, 57, 63, 67, 77, 81, 83
3, 28, 31, 47, 83
3, 19, 21, 34, 38, 60, 61, 69, 72, 80, 87, 88, 89, 97
0, 3, 14, 23, 32, 34, 39, 40, 43, 48, 69, 73, 87, 88
0, 29, 49, 55, 61, 63, 92
35, 43, 63, 66, 69, 70, 78, 80, 86
28, 38, 41, 48, 49, 62, 69, 73, 83, 87, 90, 97
14, 34, 38, 39, 43, 52, 67, 93
3, 11, 31, 35, 38, 49, 83, 87
11, 12, 15, 18, 23, 35, 46, 50, 78, 85
3, 10, 23, 28, 38, 51, 56, 63, 64, 66, 67, 69, 86
9, 28, 34, 36, 42, 69, 70, 83
11, 45, 47, 52, 57, 61, 62, 63, 71, 77, 78, 80, 81, 87, 89
3, 8, 14, 51, 63, 67, 85
0, 3, 4, 12, 16, 28, 33, 34, 38, 39, 48, 53, 61, 63, 71, 72, 87
4, 8, 24, 39, 43, 48, 68, 69, 78, 83, 85, 93, 96
5, 17, 21, 25, 38, 39, 40, 43, 59, 67, 80
8, 17, 28, 35, 36, 51, 68, 69, 71
9, 17, 19, 33, 35, 39, 43, 51, 52, 63, 85, 86
8, 9, 17, 46, 71, 83, 85
3, 9, 28, 31, 33, 38, 39, 48, 51, 53, 63
13, 23, 35, 48, 51, 61, 67, 72, 79, 87
20, 25, 26, 36, 50, 85, 97
11, 26, 29, 36, 47, 48, 63, 72, 95
4, 8, 11, 12, 13, 17, 26, 35, 59, 63, 72, 78, 79, 93
33, 36, 47, 57, 63, 74, 83
11, 28, 40, 43, 57, 60, 63, 69, 85, 87
8, 17, 52, 72, 87, 89, 95
8, 9, 19, 28, 38, 47, 48, 52, 60, 62, 73, 89, 91
3, 14, 38, 39, 52, 57, 61, 62, 69, 81, 85
3, 10, 36, 69
9, 28, 39, 63, 72
14, 17, 28, 36, 47, 63, 73, 74, 97
0, 9, 14, 22, 28, 53, 59, 63, 87
11, 43, 47, 48, 61, 63, 73, 95, 96
17, 53, 57, 63
12, 38, 47, 73, 76
3, 8, 29, 36, 48, 69, 80, 87
23, 25, 36, 38, 45, 63, 85
33, 50, 63, 76, 78, 80, 89, 96
14, 19, 26, 38, 50, 63, 69, 71, 81, 83, 86
4, 8, 9, 12, 17, 26, 35, 36, 39, 43, 63, 69, 73, 78
26, 29, 35, 38, 61, 62, 63, 80, 83, 85, 86
7, 14, 22, 28, 48, 61, 63, 69, 71, 78, 93
14, 34, 38, 43, 69, 76, 91
8, 23, 34, 38, 48, 49, 50, 55, 87, 98
14, 21, 35, 39, 52, 53, 63, 74, 80, 85, 95
19, 24, 36, 53, 57, 63, 67, 69, 80, 89, 95
3, 20, 47, 67, 74, 98
3, 4, 5, 7, 8, 11, 16, 17, 24, 35, 38, 66, 67, 70, 78, 80, 87, 94
0, 8, 11, 28, 36, 42, 55, 60, 61, 73, 81, 83, 85
0, 23, 26, 28, 29, 40, 70, 78
8, 11, 16, 33, 34, 38, 52, 59, 80, 83, 89
5, 14, 17, 25, 38, 39, 42, 47, 63, 69, 71, 83, 93, 95
9, 31, 36, 38, 52, 62, 69, 70, 83, 90
14, 15, 28, 29, 36, 38, 47, 67, 81, 85, 86, 89, 99
5, 28, 39, 42, 44, 48, 55, 69, 71, 80
10, 13, 14, 21, 36, 45, 50, 68, 78, 81, 90
8, 22, 36, 63, 69, 78
9, 21, 23, 24, 36, 62, 90, 98
11, 17, 38, 47, 49, 50, 62, 63, 76, 78, 80, 87
28, 33, 40, 48, 70, 78, 87
3, 33, 39, 53, 71
5, 8, 22, 35, 36, 48, 63, 67, 71, 78, 80, 83, 89, 96
8, 14, 19, 28, 29, 38, 50, 68, 80, 83, 85, 86, 88, 93
8, 10, 20, 26, 33, 63, 69, 71, 82, 89
0, 5, 17, 39, 64, 70, 76, 87, 89, 91, 97
3, 23, 34, 51, 66, 71, 80, 85
14, 27, 29, 40, 52, 74, 97
3, 8, 11, 12, 24, 26, 29, 35, 36, 38, 41, 52, 69, 70, 85, 90, 92
1, 6, 63, 67, 71, 74, 83
11, 17, 40, 89
8, 14, 26, 29, 36, 40, 45, 70, 87, 99
6, 11, 36, 42, 73, 80, 87, 92, 93, 97
4, 9, 10, 11, 31, 48, 51, 61, 63, 71, 80, 85
5, 9, 16, 28, 34, 38, 44, 48, 49, 83
33, 47, 48, 49, 51, 61, 62, 63
3, 6, 38, 39, 40, 43, 50, 52, 62, 70, 76, 83, 85, 86
10, 25, 38, 57, 68, 69, 80, 83, 87
3, 5, 29, 38, 42, 46, 48, 50, 62, 69, 74, 78, 87, 89
9, 10, 18, 29, 33, 38, 40, 42, 46, 47, 59, 63, 85
3, 12, 24, 35, 40, 44, 69, 86, 87, 88, 89, 93, 97
11, 17, 23, 38, 47, 50, 61, 73, 74, 85, 90, 98
21, 28, 40, 50, 57, 63, 78, 81, 83, 88, 93, 97
13, 17, 36, 42, 47, 54, 68, 72, 75, 81, 87, 97, 99
3, 7, 8, 9, 10, 17, 26, 53, 57, 63, 75, 98
3, 9, 25, 47, 78, 87, 90
8, 22, 26, 28, 29, 33, 36, 40, 41, 47, 52, 70, 78, 80
3, 21, 43, 51, 60, 63, 69
0, 11, 16, 18, 28, 31, 38, 43, 49, 59, 73, 85, 93, 97
6, 8, 15, 18, 40, 63, 69, 95
3, 8, 11, 12, 15, 34, 38, 72, 83, 97
0, 3, 9, 11, 17, 25, 29, 36, 47, 62, 63, 72, 78, 83, 85, 87, 95
11, 12, 13, 14, 18, 28, 29, 42, 48, 49, 62, 63, 67
8, 17, 29, 33, 36, 38, 45, 47, 48, 83, 85, 87, 93
3, 12, 17, 21, 60, 92
3, 11, 36, 45, 68, 69, 70, 73, 85, 87
22, 38, 48, 60, 62, 73, 97
9, 14, 42, 47, 50, 52, 73, 85, 88, 89
4, 11, 13, 28, 38, 41, 52, 53, 61, 67, 71, 87, 93
9, 10, 23, 29, 38, 40, 46, 52, 67, 70
28, 36, 38, 40, 62, 67, 93, 95
7, 8, 9, 18, 28, 36, 38, 45, 48, 63, 67, 69, 80, 83, 85, 87
15, 17, 33, 38, 80, 94
0, 11, 16, 28, 36, 38, 48, 61, 81, 85, 86
6, 7, 11, 13, 14, 23, 29, 33, 38, 40, 57, 72, 78, 86, 89, 95
7, 37, 38, 45, 47, 48, 56, 67, 71, 84, 95
8, 12, 29, 63, 66, 67, 68, 69, 76, 81, 83, 86, 91
0, 7, 18, 23, 25, 33, 35, 36, 43, 52, 67, 69, 76, 81, 89
5, 11, 21, 28, 31, 33, 38, 63, 87
4, 8, 16, 17, 31, 38, 48, 80, 83, 87, 96
5, 14, 45, 47, 85, 86, 87
0, 3, 8, 17, 69, 71, 74, 80, 86
12, 33, 36, 40, 48, 78, 81, 85, 89, 97
3, 8, 12, 50, 63
8, 48, 72, 86
11, 17, 18, 36, 62, 63, 69, 70, 72, 81, 85
3, 8, 9, 25, 34, 35, 47, 49, 63, 67, 69, 78, 87
14, 17, 23, 39, 49, 60, 73
3, 8, 29, 38, 48, 59, 63, 69, 83, 87
36, 48, 69, 86, 89
8, 18, 19, 23, 29, 42, 47, 48, 69, 72, 83, 86
26, 35, 38, 47, 49, 63, 68, 69, 73, 78
0, 11, 17, 18, 23, 42, 63, 79, 83, 86, 89
3, 7, 38, 40, 51, 71
14, 17, 67, 69
12, 17, 18, 29, 33, 35, 36, 42, 47, 48, 57, 63, 77, 81, 87
3, 19, 28, 29, 41, 50, 55, 74, 97
12, 21, 23, 31, 36, 47, 48, 53, 60, 61, 78, 83, 87, 95
13, 29, 51, 53, 57, 70, 80, 83, 85, 89, 95
14, 35, 40, 67
7, 25, 34, 36, 38, 39, 40, 42, 43, 68, 69, 71, 76, 78, 83, 85, 87, 88
5, 97
9, 10, 17, 26, 39, 42, 48, 63, 69, 87